0.566744327545166
0.4964432716369629
0.5364410877227783
0.5232141017913818
0.6954596042633057
0.5771484375
0.4368140697479248
0.5850212574005127
0.5081651210784912
0.8218309879302979
# loss 5
77.96745181083679
77.09958624839783
105.55180597305298
76.0917
81.6939
73.7640
77.8114 
76.2838
99.4030
109.4128
# loss 10
312.2144
320.0081
301.6433
295.3846 
332.4378
325.48952460289
314.13657236099243
315.6476
297.6793 
318.5150
#loss 15
679.7625379562378
658.2576661109924
645.32367
682.7786 
660.9951
670.0718
630.6004
671.6471
654.5160
593.7535
# duplicate %5
0.5985045433044434
0.46526336669921875
0.4853341579437256
0.3429245948791504
0.4904041290283203
0.3795280456542969
0.39452123641967773
0.5161035060882568
0.5569870471954346
0.5194292068481445
# duplicate %10
0.35059547424316406
0.45079946517944336
0.44434046745300293
0.5066735744476318
0.44380855560302734
0.4879920482635498
0.4956991672515869
0.4986259937286377
0.46491432189941406
0.5530593395233154
# corrupt %5
46.415168046951294
44.998342752456665
45.098976135253906
48.587530851364136
49.77869772911072
48.04659175872803
43.69127893447876
47.17587
44.76135
45.51294
# corrupt %10
119.1500
116.4263
98.8045
103.1048
108.1055
108.56748676300049
103.09455370903015
107.71479773521423
113.23320984840393
117.7539
# delay unifrom
65.52127242088318
64.03727889060974
71.18040490150452
63.80330777168274
68.25592970848083
70.66567468643188
66.5257411831061
65.05380867283473
64.099335123812
67.62521933273356
# delay normal dist
85.72352623939514
79.87025713920593
75.67750573158264
94.35951089859009
84.91285943984985
94.38338875770569
95.3285460472107
85.32550573348999
76.66612815856934
95.21076273918152
