# LOSS
0.3574562072753906
0.40946054458618164
0.39948463439941406
0.3824887275695801
0.3439033031463623
0.2973465919494629
0.34273576736450195
0.24580597877502441
0.36162352561950684
0.34280967712402344
3.5770630836486816
3.201694965362549
4.477912425994873
4.621922492980957
5.147967576980591
4.247464179992676
5.10735297203064
4.147990703582764
4.195113897323608
4.778860330581665
40.93656039237976
36.6837592124939
22.840718507766724
18.57267165184021
21.290610551834106
42.874892711639404
19.869964599609375
25.219793558120728
17.094690561294556
40.35295820236206
120.95410799980164
271.29421520233154
249.01745796203613
115.2539 
252.9617 
270.699
131.4162
283.8385 
262.8724
267.5227
# DUPLICATION
0.38262391090393066
0.43419647216796875
0.48584485054016113
0.3265652656555176
0.4027378559112549
0.30866026878356934
0.44213342666625977
0.7007772922515869
0.3312697410583496
0.34053826332092285
0.31044983863830566

0.43904542922973633
0.5321338176727295
0.4561467170715332
0.3649287223815918
0.2556309700012207
0.5583896636962891
0.22567296028137207
0.5706846714019775
0.49699926376342773
0.6027183532714844
0.3731708526611328

2.9621691703796387
2.8291103839874268
3.8473141193389893
4.647710800170898
3.446413040161133
3.8133254051208496
4.301457405090332
2.9723711013793945
2.9374616146087646
3.471719741821289
3.7142951488494873

20.478256702423096
12.97213625907898
20.377031803131104
17.759042263031006
23.006361484527588
13.30280613899231
18.97909450531006
13.431312561035156
11.629617929458618
10.596700429916382

8.81698489189148
8.914695739746094
8.805719137191772
9.020854473114014
8.746839046478271
8.998562812805176
8.697901248931885
8.78093934059143
8.668771505355835
8.954439401626587

8.659172773361206
8.547066450119019
10.953693866729736
8.634264945983887
8.598896741867065
14.3960120677948
8.921914100646973
11.116069078445435
8.868815898895264
8.937644720077515
